3.950772119022
3.451650587259
2.084500064939
4.056757364656
6.184131858471
2.575250775177
1.948234702007
4.074469158350
2.963783024859
4.612298942034
0.609097979517
1.888734777299
0.633604317485
6.272485002959
5.257906300814
0.318142757355
1.816252988043
5.301062240499
6.044009067495
1.170544448855
4.433847308920
6.013197762500
1.114602872823
3.697398467073
5.322445774063
3.117528137299
1.323704465465
0.999134346844
0.192836535323
4.224947236879
2.682512147404
4.366735887271
5.958311561747
1.111473778133
0.400097987008
0.650087722280
0.388181528522
5.876253271939
3.601431882103
1.347422828420
4.400047551875
0.743454936699
4.765167640188
4.638065356031
4.440323961729
2.212553872135
5.202037565750
1.376108225545
1.403416420997
1.660483906418
4.089989654324
1.238572500089
2.014804701671
1.755855595326
3.912312711114
5.624031433867
0.931595039182
1.975517810978
4.359084529068
1.669653545500
4.880102568024
0.517629588202
0.946066738807
0.054724068582
4.574441012755
0.055170833979
4.976599909279
3.303101580984
6.022354872951
3.022930664888
1.628261511066
3.502129041894
0.127457194371
1.476853246354
4.050535851398
0.404562523382
3.963972333930
4.079899703345
0.367016113942
4.388925552714
0.790581755182
4.934161569134
0.447977087079
6.274716434394
5.199124182768
4.051155783299
3.164127976377
1.359711140108
5.857916362433
3.865832950012
6.137576822340
2.919898009912
4.124718537997
4.913384167937
4.946011327199
2.135554166593
4.068351229122
3.925592169310
0.996442701614
1.170850641014
