3.950772119022
3.451650587259
2.084500064939
4.056757364656
6.184131858471
2.575250775177
1.948234702007
4.074469158350
2.963783024859
4.612298942034
0.609097979517
1.888734777299
0.633604317485
6.272485002959
5.257906300814
0.318142757355
1.816252988043
5.301062240499
6.044009067495
1.170544448855
4.433847308920
6.013197762500
1.114602872823
3.697398467073
5.322445774063
3.117528137299
1.323704465465
0.999134346844
0.192836535323
4.224947236879
2.682512147404
4.366735887271
5.958311561747
1.111473778133
0.400097987008
0.650087722280
0.388181528522
5.876253271939
3.601431882103
1.347422828420
4.400047551875
0.743454936699
4.765167640188
4.638065356031
4.440323961729
2.212553872135
5.202037565750
1.376108225545
1.403416420997
1.660483906418
4.089989654324
1.238572500089
2.014804701671
1.755855595326
3.912312711114
5.624031433867
0.931595039182
1.975517810978
4.359084529068
1.669653545500
4.880102568024
0.517629588202
0.946066738807
0.054724068582
4.574441012755
0.055170833979
4.976599909279
3.303101580984
6.022354872951
3.022930664888
1.628261511066
3.502129041894
0.127457194371
1.476853246354
4.050535851398
0.404562523382
3.963972333930
4.079899703345
0.367016113942
4.388925552714
0.790581755182
4.934161569134
0.447977087079
6.274716434394
5.199124182768
4.051155783299
3.164127976377
1.359711140108
5.857916362433
3.865832950012
6.137576822340
2.919898009912
4.124718537997
4.913384167937
4.946011327199
2.135554166593
4.068351229122
3.925592169310
0.996442701614
1.170850641014
1.655184926090
5.852512796424
0.302238125799
0.222458057315
3.848910267092
5.274453778949
3.018128400235
0.110964867392
3.161863721624
3.125770042810
0.540983148788
2.736456002228
1.818915358797
6.243728098691
4.147978143704
0.408377349268
5.886047932727
2.952979662723
5.472162683733
1.191381097164
3.857176294404
1.231803705299
1.710002490183
0.643656690570
1.127734088501
4.233923465971
4.067538172706
5.779699962008
6.133866185853
4.554412115337
1.510711829446
1.405282399492
4.353281478718
3.998729459720
2.193627284332
0.118550584486
0.044792190426
0.741916121573
0.888889171758
5.199328596835
0.775922348673
3.523344107183
1.479103947624
3.708885762524
3.309166388870
5.747780767287
4.771612884405
6.085374087022
2.803584663740
3.354695759407
3.279270071508
3.615922298505
4.317857842555
2.404837524058
0.017816771375
0.682300933206
4.409948060771
1.270105664031
2.945283239135
5.434520519995
4.358059186057
1.912969232850
4.055772490686
4.021383187687
2.378343520667
5.096511442050
4.452886008557
1.981595497252
5.414488978505
2.372510095667
2.564652777258
5.367134881101
4.869469465474
4.036694350401
5.027976193957
1.867478951002
1.226006431163
4.018388475414
5.392193613850
6.061430410984
4.554358356237
3.901470726894
1.372332661892
5.830944694968
1.477588517013
1.970994245427
1.027255779632
0.404440299821
1.417790385319
4.200092651522
6.137764338109
2.132811120025
0.811339708813
2.165907358639
1.153665317967
1.086684320489
2.814329462839
6.194822093171
1.925212897969
2.436960001442
0.140401364428
1.075784076379
5.965208493913
5.423707164256
2.081128600990
0.485105801540
1.192996486903
1.518366400556
5.533279001873
1.135394910393
4.798349151932
5.026441245350
3.673336818534
3.515963258458
3.193384145481
0.461466011402
4.803387522127
1.004548827740
5.226767360987
5.429978323408
2.018354634497
4.001942584866
0.792006508547
3.456637277151
1.297797437593
2.603020179580
1.490150247386
4.012906396222
2.325452534578
0.915562148886
0.679156445700
0.244139631965
3.688714608452
3.915688795779
5.076525352460
2.912354384769
5.645599439930
2.789382353554
6.069794899707
2.141874401282
5.358166517195
3.972908343119
0.884892604952
3.319181253539
4.366842500383
1.061243770646
3.843282654725
1.487679231722
2.419196602328
4.758771435933
3.865286806219
1.349708216221
3.742867299526
3.907842626858
0.976198526115
5.247757471971
3.449187988955
5.047842058520
0.883137013388
0.599829896144
6.032477927231
5.652913155586
4.601339494948
1.584224600918
3.682458132627
3.381368301136
0.475891188775
3.331379894197
2.410249598395
3.923251366500
1.689512532606
0.712826035496
0.680882066903
0.140624076848
1.553240328596
0.338780382668
6.023765676901
4.074586300784
2.683071384209
2.481504221721
4.826869955844
4.601178125856
0.317793334930
2.609371494874
1.446815017696
2.286015297282
4.125240565021
0.390203738795
3.509432557507
4.123154700883
2.573256957241
3.550365876575
5.152919223608
3.226589133394
1.311122477826
1.691574757672
5.769264798040
5.696326351658
0.457755597662
2.889355712002
3.141766751406
4.383743792319
5.081970323775
3.082829188770
4.911158098509
0.232155509907
3.221953027777
1.761443093496
2.375792874953
2.727534499558
1.896548466833
1.168153758809
5.779251871656
2.879455197144
6.083227815485
5.955152522011
3.730470331548
1.211119096431
5.407682214555
5.639633943772
5.768447341670
0.748894209963
1.746047854630
5.190511660685
0.881779045756
4.162568305990
1.023152390832
5.201881361815
1.131562333336
6.237328347823
5.304438273226
0.599028498758
4.450236302856
0.877433467129
2.052846811260
5.059207820281
1.165417846346
4.362870430289
5.045581834219
5.834851578559
4.100443748645
2.723936699682
0.339498205984
0.314715698738
3.051702159459
4.518499139988
2.422019603147
5.063045604916
2.678101150082
4.452507271189
5.340302831567
1.742768207258
0.076260072421
1.684103563918
5.202483724319
4.559907760028
1.019782222060
2.561339040059
5.016314731459
0.237926283798
1.073602874378
3.734281506324
0.637975491449
5.314612190235
1.182260532728
2.442719188718
5.614791517443
3.104091186577
6.162769367762
0.631312355004
2.877031671131
1.769884345942
2.350944374877
1.872899146670
2.289649085955
4.591015129008
0.996905118716
1.500900573859
3.330133015521
1.366269045144
0.475468452470
3.130101075413
1.076325588937
2.454441673543
1.614119009946
2.614679497128
2.831884067819
2.267410128736
5.829944730875
0.940302926907
1.355330141710
0.199339772217
2.116794991152
2.571328269538
4.474457260030
2.402330395580
2.633762323464
3.067698903421
2.866173284834
5.194403236077
0.153375180496
5.344427766049
0.773993644035
1.988913642013
2.110529935071
1.117009488729
5.210730323071
2.899247981184
0.598432224516
4.590191845809
1.652164502838
5.887172881002
5.071361729402
0.589052240199
4.165528531668
2.144101804829
0.280557715258
1.042331016992
2.538770875952
0.601110241250
2.389791085670
0.540675539417
3.530445276097
4.484320483705
1.188494355301
4.736805681245
0.823881123010
0.635282779497
4.201421791235
2.959498618688
2.982490552841
5.508980940139
0.065061834946
4.263593997479
2.174032277303
2.030475068041
1.589687163550
5.852569953316
1.150074336163
3.098040987292
6.122203562572
3.810002807705
0.580295395447
1.634532445862
0.134666795169
5.753357289903
5.161634963195
1.743896238639
0.625401921334
0.622592525482
1.103500651165
4.024171203189
1.993862531039
2.178752810227
4.458752019943
4.492203191192
3.051145632825
0.645699893060
5.956318803305
1.153650205792
4.158590753181
2.692558321157
0.686293476910
1.738663553754
1.291716329937
2.596883307690
0.212894329324
4.214457312457
0.976136776196
0.181631942793
2.344829600072
1.037075138274
3.393993404726
2.522327804281
4.598873769528
1.821756242017
1.204489505963
6.043605549250
5.648400299965
4.072732218891
0.807176374941
5.082355399070
5.097813580102
0.051744366959
2.221741370590
5.621591971415
4.212236561540
4.989882583208
3.481319717971
5.765729142751
1.230885723637
0.334119306113
2.409379466827
1.090372356866
1.556881700587
3.216507483457
6.230610786258
5.819149547321
0.313892083887
2.937441211905
